(kicad_pcb (version 20160815) (host pcbnew no-vcs-found-undefined)

  (general
    (links 116)
    (no_connects 116)
    (area 0 0 0 0)
    (thickness 1.6)
    (drawings 0)
    (tracks 0)
    (zones 0)
    (modules 97)
    (nets 78)
  )

  (page A4)
  (layers
    (0 F.Cu signal)
    (31 B.Cu signal)
    (32 B.Adhes user)
    (33 F.Adhes user)
    (34 B.Paste user)
    (35 F.Paste user)
    (36 B.SilkS user)
    (37 F.SilkS user)
    (38 B.Mask user)
    (39 F.Mask user)
    (40 Dwgs.User user)
    (41 Cmts.User user)
    (42 Eco1.User user)
    (43 Eco2.User user)
    (44 Edge.Cuts user)
    (45 Margin user)
    (46 B.CrtYd user)
    (47 F.CrtYd user)
    (48 B.Fab user)
    (49 F.Fab user)
  )

  (setup
    (last_trace_width 0.25)
    (trace_clearance 0.2)
    (zone_clearance 0.508)
    (zone_45_only no)
    (trace_min 0.2)
    (segment_width 0.2)
    (edge_width 0.15)
    (via_size 0.8)
    (via_drill 0.4)
    (via_min_size 0.4)
    (via_min_drill 0.3)
    (uvia_size 0.3)
    (uvia_drill 0.1)
    (uvias_allowed no)
    (uvia_min_size 0.2)
    (uvia_min_drill 0.1)
    (pcb_text_width 0.3)
    (pcb_text_size 1.5 1.5)
    (mod_edge_width 0.15)
    (mod_text_size 1 1)
    (mod_text_width 0.15)
    (pad_size 1.524 1.524)
    (pad_drill 0.762)
    (pad_to_mask_clearance 0.2)
    (aux_axis_origin 0 0)
    (visible_elements FFFFFF7F)
    (pcbplotparams
      (layerselection 0x00030_ffffffff)
      (usegerberextensions false)
      (excludeedgelayer true)
      (linewidth 0.100000)
      (plotframeref false)
      (viasonmask false)
      (mode 1)
      (useauxorigin false)
      (hpglpennumber 1)
      (hpglpenspeed 20)
      (hpglpendiameter 15)
      (psnegative false)
      (psa4output false)
      (plotreference true)
      (plotvalue true)
      (plotinvisibletext false)
      (padsonsilk false)
      (subtractmaskfromsilk false)
      (outputformat 1)
      (mirror false)
      (drillshape 1)
      (scaleselection 1)
      (outputdirectory ""))
  )

  (net 0 "")
  (net 1 VCC)
  (net 2 "Net-(D2-Pad1)")
  (net 3 "Net-(D3-Pad1)")
  (net 4 "Net-(D4-Pad1)")
  (net 5 "Net-(D5-Pad1)")
  (net 6 "Net-(D6-Pad1)")
  (net 7 "Net-(D7-Pad1)")
  (net 8 "Net-(D8-Pad1)")
  (net 9 "Net-(D9-Pad1)")
  (net 10 "Net-(D10-Pad1)")
  (net 11 "Net-(D11-Pad1)")
  (net 12 "Net-(D12-Pad1)")
  (net 13 "Net-(D13-Pad1)")
  (net 14 "Net-(D13-Pad2)")
  (net 15 "Net-(D14-Pad1)")
  (net 16 "Net-(D15-Pad1)")
  (net 17 "Net-(D16-Pad1)")
  (net 18 "Net-(D17-Pad1)")
  (net 19 "Net-(D18-Pad1)")
  (net 20 "Net-(D19-Pad1)")
  (net 21 "Net-(D20-Pad1)")
  (net 22 "Net-(D21-Pad1)")
  (net 23 "Net-(D22-Pad1)")
  (net 24 "Net-(D23-Pad2)")
  (net 25 "Net-(D23-Pad1)")
  (net 26 "Net-(D24-Pad1)")
  (net 27 "Net-(D25-Pad1)")
  (net 28 "Net-(D26-Pad1)")
  (net 29 "Net-(D27-Pad2)")
  (net 30 "Net-(D27-Pad1)")
  (net 31 "Net-(D28-Pad2)")
  (net 32 "Net-(D28-Pad1)")
  (net 33 "Net-(D31-Pad1)")
  (net 34 "Net-(D32-Pad1)")
  (net 35 "Net-(D34-Pad2)")
  (net 36 "Net-(D36-Pad1)")
  (net 37 "Net-(D36-Pad2)")
  (net 38 "Net-(D37-Pad2)")
  (net 39 "Net-(D37-Pad1)")
  (net 40 "Net-(D30-Pad1)")
  (net 41 "Net-(D38-Pad2)")
  (net 42 "Net-(D40-Pad2)")
  (net 43 "Net-(D42-Pad2)")
  (net 44 "Net-(D43-Pad1)")
  (net 45 "Net-(D43-Pad2)")
  (net 46 "Net-(D46-Pad2)")
  (net 47 "Net-(D47-Pad1)")
  (net 48 "Net-(D47-Pad2)")
  (net 49 "Net-(D51-Pad1)")
  (net 50 "Net-(D56-Pad1)")
  (net 51 "Net-(D59-Pad2)")
  (net 52 "Net-(D61-Pad2)")
  (net 53 /vom_Befehle-decoder)
  (net 54 "Net-(D1-Pad2)")
  (net 55 "Net-(R1-Pad1)")
  (net 56 "Net-(R2-Pad1)")
  (net 57 "Net-(R3-Pad1)")
  (net 58 "Net-(R4-Pad1)")
  (net 59 "Net-(R5-Pad1)")
  (net 60 "Net-(R6-Pad1)")
  (net 61 "Net-(R7-Pad1)")
  (net 62 "Net-(R8-Pad1)")
  (net 63 "Net-(R9-Pad1)")
  (net 64 "Net-(R10-Pad1)")
  (net 65 "Net-(R11-Pad1)")
  (net 66 "Net-(R13-Pad1)")
  (net 67 "Net-(R14-Pad1)")
  (net 68 "Net-(R15-Pad1)")
  (net 69 "Net-(R17-Pad1)")
  (net 70 "Net-(R19-Pad1)")
  (net 71 "Net-(R22-Pad1)")
  (net 72 "Net-(R24-Pad1)")
  (net 73 "Net-(R27-Pad1)")
  (net 74 "Net-(R29-Pad1)")
  (net 75 "Net-(R31-Pad1)")
  (net 76 "Net-(R38-Pad2)")
  (net 77 "Net-(R39-Pad2)")

  (net_class Default "Dies ist die voreingestellte Netzklasse."
    (clearance 0.2)
    (trace_width 0.25)
    (via_dia 0.8)
    (via_drill 0.4)
    (uvia_dia 0.3)
    (uvia_drill 0.1)
    (diff_pair_gap 0.25)
    (diff_pair_width 0.2)
    (add_net /vom_Befehle-decoder)
    (add_net "Net-(D1-Pad2)")
    (add_net "Net-(D10-Pad1)")
    (add_net "Net-(D11-Pad1)")
    (add_net "Net-(D12-Pad1)")
    (add_net "Net-(D13-Pad1)")
    (add_net "Net-(D13-Pad2)")
    (add_net "Net-(D14-Pad1)")
    (add_net "Net-(D15-Pad1)")
    (add_net "Net-(D16-Pad1)")
    (add_net "Net-(D17-Pad1)")
    (add_net "Net-(D18-Pad1)")
    (add_net "Net-(D19-Pad1)")
    (add_net "Net-(D2-Pad1)")
    (add_net "Net-(D20-Pad1)")
    (add_net "Net-(D21-Pad1)")
    (add_net "Net-(D22-Pad1)")
    (add_net "Net-(D23-Pad1)")
    (add_net "Net-(D23-Pad2)")
    (add_net "Net-(D24-Pad1)")
    (add_net "Net-(D25-Pad1)")
    (add_net "Net-(D26-Pad1)")
    (add_net "Net-(D27-Pad1)")
    (add_net "Net-(D27-Pad2)")
    (add_net "Net-(D28-Pad1)")
    (add_net "Net-(D28-Pad2)")
    (add_net "Net-(D3-Pad1)")
    (add_net "Net-(D30-Pad1)")
    (add_net "Net-(D31-Pad1)")
    (add_net "Net-(D32-Pad1)")
    (add_net "Net-(D34-Pad2)")
    (add_net "Net-(D36-Pad1)")
    (add_net "Net-(D36-Pad2)")
    (add_net "Net-(D37-Pad1)")
    (add_net "Net-(D37-Pad2)")
    (add_net "Net-(D38-Pad2)")
    (add_net "Net-(D4-Pad1)")
    (add_net "Net-(D40-Pad2)")
    (add_net "Net-(D42-Pad2)")
    (add_net "Net-(D43-Pad1)")
    (add_net "Net-(D43-Pad2)")
    (add_net "Net-(D46-Pad2)")
    (add_net "Net-(D47-Pad1)")
    (add_net "Net-(D47-Pad2)")
    (add_net "Net-(D5-Pad1)")
    (add_net "Net-(D51-Pad1)")
    (add_net "Net-(D56-Pad1)")
    (add_net "Net-(D59-Pad2)")
    (add_net "Net-(D6-Pad1)")
    (add_net "Net-(D61-Pad2)")
    (add_net "Net-(D7-Pad1)")
    (add_net "Net-(D8-Pad1)")
    (add_net "Net-(D9-Pad1)")
    (add_net "Net-(R1-Pad1)")
    (add_net "Net-(R10-Pad1)")
    (add_net "Net-(R11-Pad1)")
    (add_net "Net-(R13-Pad1)")
    (add_net "Net-(R14-Pad1)")
    (add_net "Net-(R15-Pad1)")
    (add_net "Net-(R17-Pad1)")
    (add_net "Net-(R19-Pad1)")
    (add_net "Net-(R2-Pad1)")
    (add_net "Net-(R22-Pad1)")
    (add_net "Net-(R24-Pad1)")
    (add_net "Net-(R27-Pad1)")
    (add_net "Net-(R29-Pad1)")
    (add_net "Net-(R3-Pad1)")
    (add_net "Net-(R31-Pad1)")
    (add_net "Net-(R38-Pad2)")
    (add_net "Net-(R39-Pad2)")
    (add_net "Net-(R4-Pad1)")
    (add_net "Net-(R5-Pad1)")
    (add_net "Net-(R6-Pad1)")
    (add_net "Net-(R7-Pad1)")
    (add_net "Net-(R8-Pad1)")
    (add_net "Net-(R9-Pad1)")
    (add_net VCC)
  )

  (module LEDs:LED-3MM (layer F.Cu) (tedit 559B82F6) (tstamp 584ECFBF)
    (at 104.425001 38.5975)
    (descr "LED 3mm round vertical")
    (tags "LED  3mm round vertical")
    (path /57F32788)
    (fp_text reference D2 (at 1.91 3.06) (layer F.SilkS)
      (effects (font (size 1 1) (thickness 0.15)))
    )
    (fp_text value LED (at 1.3 -2.9) (layer F.Fab)
      (effects (font (size 1 1) (thickness 0.15)))
    )
    (fp_text user K (at -1.69 1.74) (layer F.SilkS)
      (effects (font (size 1 1) (thickness 0.15)))
    )
    (fp_arc (start 1.301 0.034) (end 2.335 1.094) (angle 87.5) (layer F.SilkS) (width 0.15))
    (fp_arc (start 1.311 0.034) (end 3.051 0.994) (angle 110) (layer F.SilkS) (width 0.15))
    (fp_arc (start 1.301 0.034) (end 0.25 -1.1) (angle 85.7) (layer F.SilkS) (width 0.15))
    (fp_arc (start 1.301 0.034) (end -0.199 -1.286) (angle 108.5) (layer F.SilkS) (width 0.15))
    (fp_line (start -0.199 -1.28) (end -0.199 -1.1) (layer F.SilkS) (width 0.15))
    (fp_line (start -0.199 1.314) (end -0.199 1.114) (layer F.SilkS) (width 0.15))
    (fp_line (start -1.2 -2.2) (end -1.2 2.3) (layer F.CrtYd) (width 0.05))
    (fp_line (start 3.8 -2.2) (end -1.2 -2.2) (layer F.CrtYd) (width 0.05))
    (fp_line (start 3.8 2.3) (end 3.8 -2.2) (layer F.CrtYd) (width 0.05))
    (fp_line (start -1.2 2.3) (end 3.8 2.3) (layer F.CrtYd) (width 0.05))
    (pad 2 thru_hole circle (at 2.54 0) (size 2 2) (drill 1.00076) (layers *.Cu *.Mask)
      (net 1 VCC))
    (pad 1 thru_hole rect (at 0 0 90) (size 2 2) (drill 1.00076) (layers *.Cu *.Mask)
      (net 2 "Net-(D2-Pad1)"))
    (model LEDs.3dshapes/LED-3MM.wrl
      (at (xyz 0.05 0 0))
      (scale (xyz 1 1 1))
      (rotate (xyz 0 0 90))
    )
  )

  (module LEDs:LED-3MM (layer F.Cu) (tedit 559B82F6) (tstamp 584ECFD0)
    (at 122.975001 27.8875)
    (descr "LED 3mm round vertical")
    (tags "LED  3mm round vertical")
    (path /57F331AC)
    (fp_text reference D3 (at 1.91 3.06) (layer F.SilkS)
      (effects (font (size 1 1) (thickness 0.15)))
    )
    (fp_text value LED (at 1.3 -2.9) (layer F.Fab)
      (effects (font (size 1 1) (thickness 0.15)))
    )
    (fp_line (start -1.2 2.3) (end 3.8 2.3) (layer F.CrtYd) (width 0.05))
    (fp_line (start 3.8 2.3) (end 3.8 -2.2) (layer F.CrtYd) (width 0.05))
    (fp_line (start 3.8 -2.2) (end -1.2 -2.2) (layer F.CrtYd) (width 0.05))
    (fp_line (start -1.2 -2.2) (end -1.2 2.3) (layer F.CrtYd) (width 0.05))
    (fp_line (start -0.199 1.314) (end -0.199 1.114) (layer F.SilkS) (width 0.15))
    (fp_line (start -0.199 -1.28) (end -0.199 -1.1) (layer F.SilkS) (width 0.15))
    (fp_arc (start 1.301 0.034) (end -0.199 -1.286) (angle 108.5) (layer F.SilkS) (width 0.15))
    (fp_arc (start 1.301 0.034) (end 0.25 -1.1) (angle 85.7) (layer F.SilkS) (width 0.15))
    (fp_arc (start 1.311 0.034) (end 3.051 0.994) (angle 110) (layer F.SilkS) (width 0.15))
    (fp_arc (start 1.301 0.034) (end 2.335 1.094) (angle 87.5) (layer F.SilkS) (width 0.15))
    (fp_text user K (at -1.69 1.74) (layer F.SilkS)
      (effects (font (size 1 1) (thickness 0.15)))
    )
    (pad 1 thru_hole rect (at 0 0 90) (size 2 2) (drill 1.00076) (layers *.Cu *.Mask)
      (net 3 "Net-(D3-Pad1)"))
    (pad 2 thru_hole circle (at 2.54 0) (size 2 2) (drill 1.00076) (layers *.Cu *.Mask)
      (net 1 VCC))
    (model LEDs.3dshapes/LED-3MM.wrl
      (at (xyz 0.05 0 0))
      (scale (xyz 1 1 1))
      (rotate (xyz 0 0 90))
    )
  )

  (module LEDs:LED-3MM (layer F.Cu) (tedit 559B82F6) (tstamp 584ECFE1)
    (at 86.345001 63.9775)
    (descr "LED 3mm round vertical")
    (tags "LED  3mm round vertical")
    (path /57EA26FF)
    (fp_text reference D4 (at 1.91 3.06) (layer F.SilkS)
      (effects (font (size 1 1) (thickness 0.15)))
    )
    (fp_text value LED (at 1.3 -2.9) (layer F.Fab)
      (effects (font (size 1 1) (thickness 0.15)))
    )
    (fp_text user K (at -1.69 1.74) (layer F.SilkS)
      (effects (font (size 1 1) (thickness 0.15)))
    )
    (fp_arc (start 1.301 0.034) (end 2.335 1.094) (angle 87.5) (layer F.SilkS) (width 0.15))
    (fp_arc (start 1.311 0.034) (end 3.051 0.994) (angle 110) (layer F.SilkS) (width 0.15))
    (fp_arc (start 1.301 0.034) (end 0.25 -1.1) (angle 85.7) (layer F.SilkS) (width 0.15))
    (fp_arc (start 1.301 0.034) (end -0.199 -1.286) (angle 108.5) (layer F.SilkS) (width 0.15))
    (fp_line (start -0.199 -1.28) (end -0.199 -1.1) (layer F.SilkS) (width 0.15))
    (fp_line (start -0.199 1.314) (end -0.199 1.114) (layer F.SilkS) (width 0.15))
    (fp_line (start -1.2 -2.2) (end -1.2 2.3) (layer F.CrtYd) (width 0.05))
    (fp_line (start 3.8 -2.2) (end -1.2 -2.2) (layer F.CrtYd) (width 0.05))
    (fp_line (start 3.8 2.3) (end 3.8 -2.2) (layer F.CrtYd) (width 0.05))
    (fp_line (start -1.2 2.3) (end 3.8 2.3) (layer F.CrtYd) (width 0.05))
    (pad 2 thru_hole circle (at 2.54 0) (size 2 2) (drill 1.00076) (layers *.Cu *.Mask)
      (net 1 VCC))
    (pad 1 thru_hole rect (at 0 0 90) (size 2 2) (drill 1.00076) (layers *.Cu *.Mask)
      (net 4 "Net-(D4-Pad1)"))
    (model LEDs.3dshapes/LED-3MM.wrl
      (at (xyz 0.05 0 0))
      (scale (xyz 1 1 1))
      (rotate (xyz 0 0 90))
    )
  )

  (module LEDs:LED-3MM (layer F.Cu) (tedit 559B82F6) (tstamp 584ECFF2)
    (at 81.005001 73.3375)
    (descr "LED 3mm round vertical")
    (tags "LED  3mm round vertical")
    (path /57F332FA)
    (fp_text reference D5 (at 1.91 3.06) (layer F.SilkS)
      (effects (font (size 1 1) (thickness 0.15)))
    )
    (fp_text value LED (at 1.3 -2.9) (layer F.Fab)
      (effects (font (size 1 1) (thickness 0.15)))
    )
    (fp_text user K (at -1.69 1.74) (layer F.SilkS)
      (effects (font (size 1 1) (thickness 0.15)))
    )
    (fp_arc (start 1.301 0.034) (end 2.335 1.094) (angle 87.5) (layer F.SilkS) (width 0.15))
    (fp_arc (start 1.311 0.034) (end 3.051 0.994) (angle 110) (layer F.SilkS) (width 0.15))
    (fp_arc (start 1.301 0.034) (end 0.25 -1.1) (angle 85.7) (layer F.SilkS) (width 0.15))
    (fp_arc (start 1.301 0.034) (end -0.199 -1.286) (angle 108.5) (layer F.SilkS) (width 0.15))
    (fp_line (start -0.199 -1.28) (end -0.199 -1.1) (layer F.SilkS) (width 0.15))
    (fp_line (start -0.199 1.314) (end -0.199 1.114) (layer F.SilkS) (width 0.15))
    (fp_line (start -1.2 -2.2) (end -1.2 2.3) (layer F.CrtYd) (width 0.05))
    (fp_line (start 3.8 -2.2) (end -1.2 -2.2) (layer F.CrtYd) (width 0.05))
    (fp_line (start 3.8 2.3) (end 3.8 -2.2) (layer F.CrtYd) (width 0.05))
    (fp_line (start -1.2 2.3) (end 3.8 2.3) (layer F.CrtYd) (width 0.05))
    (pad 2 thru_hole circle (at 2.54 0) (size 2 2) (drill 1.00076) (layers *.Cu *.Mask)
      (net 1 VCC))
    (pad 1 thru_hole rect (at 0 0 90) (size 2 2) (drill 1.00076) (layers *.Cu *.Mask)
      (net 5 "Net-(D5-Pad1)"))
    (model LEDs.3dshapes/LED-3MM.wrl
      (at (xyz 0.05 0 0))
      (scale (xyz 1 1 1))
      (rotate (xyz 0 0 90))
    )
  )

  (module LEDs:LED-3MM (layer F.Cu) (tedit 559B82F6) (tstamp 584ED003)
    (at 109.875001 43.9075)
    (descr "LED 3mm round vertical")
    (tags "LED  3mm round vertical")
    (path /57EA28E7)
    (fp_text reference D6 (at 1.91 3.06) (layer F.SilkS)
      (effects (font (size 1 1) (thickness 0.15)))
    )
    (fp_text value LED (at 1.3 -2.9) (layer F.Fab)
      (effects (font (size 1 1) (thickness 0.15)))
    )
    (fp_line (start -1.2 2.3) (end 3.8 2.3) (layer F.CrtYd) (width 0.05))
    (fp_line (start 3.8 2.3) (end 3.8 -2.2) (layer F.CrtYd) (width 0.05))
    (fp_line (start 3.8 -2.2) (end -1.2 -2.2) (layer F.CrtYd) (width 0.05))
    (fp_line (start -1.2 -2.2) (end -1.2 2.3) (layer F.CrtYd) (width 0.05))
    (fp_line (start -0.199 1.314) (end -0.199 1.114) (layer F.SilkS) (width 0.15))
    (fp_line (start -0.199 -1.28) (end -0.199 -1.1) (layer F.SilkS) (width 0.15))
    (fp_arc (start 1.301 0.034) (end -0.199 -1.286) (angle 108.5) (layer F.SilkS) (width 0.15))
    (fp_arc (start 1.301 0.034) (end 0.25 -1.1) (angle 85.7) (layer F.SilkS) (width 0.15))
    (fp_arc (start 1.311 0.034) (end 3.051 0.994) (angle 110) (layer F.SilkS) (width 0.15))
    (fp_arc (start 1.301 0.034) (end 2.335 1.094) (angle 87.5) (layer F.SilkS) (width 0.15))
    (fp_text user K (at -1.69 1.74) (layer F.SilkS)
      (effects (font (size 1 1) (thickness 0.15)))
    )
    (pad 1 thru_hole rect (at 0 0 90) (size 2 2) (drill 1.00076) (layers *.Cu *.Mask)
      (net 6 "Net-(D6-Pad1)"))
    (pad 2 thru_hole circle (at 2.54 0) (size 2 2) (drill 1.00076) (layers *.Cu *.Mask)
      (net 1 VCC))
    (model LEDs.3dshapes/LED-3MM.wrl
      (at (xyz 0.05 0 0))
      (scale (xyz 1 1 1))
      (rotate (xyz 0 0 90))
    )
  )

  (module LEDs:LED-3MM (layer F.Cu) (tedit 559B82F6) (tstamp 584ED014)
    (at 133.405001 19.8775)
    (descr "LED 3mm round vertical")
    (tags "LED  3mm round vertical")
    (path /57F3423B)
    (fp_text reference D7 (at 1.91 3.06) (layer F.SilkS)
      (effects (font (size 1 1) (thickness 0.15)))
    )
    (fp_text value LED (at 1.3 -2.9) (layer F.Fab)
      (effects (font (size 1 1) (thickness 0.15)))
    )
    (fp_line (start -1.2 2.3) (end 3.8 2.3) (layer F.CrtYd) (width 0.05))
    (fp_line (start 3.8 2.3) (end 3.8 -2.2) (layer F.CrtYd) (width 0.05))
    (fp_line (start 3.8 -2.2) (end -1.2 -2.2) (layer F.CrtYd) (width 0.05))
    (fp_line (start -1.2 -2.2) (end -1.2 2.3) (layer F.CrtYd) (width 0.05))
    (fp_line (start -0.199 1.314) (end -0.199 1.114) (layer F.SilkS) (width 0.15))
    (fp_line (start -0.199 -1.28) (end -0.199 -1.1) (layer F.SilkS) (width 0.15))
    (fp_arc (start 1.301 0.034) (end -0.199 -1.286) (angle 108.5) (layer F.SilkS) (width 0.15))
    (fp_arc (start 1.301 0.034) (end 0.25 -1.1) (angle 85.7) (layer F.SilkS) (width 0.15))
    (fp_arc (start 1.311 0.034) (end 3.051 0.994) (angle 110) (layer F.SilkS) (width 0.15))
    (fp_arc (start 1.301 0.034) (end 2.335 1.094) (angle 87.5) (layer F.SilkS) (width 0.15))
    (fp_text user K (at -1.69 1.74) (layer F.SilkS)
      (effects (font (size 1 1) (thickness 0.15)))
    )
    (pad 1 thru_hole rect (at 0 0 90) (size 2 2) (drill 1.00076) (layers *.Cu *.Mask)
      (net 7 "Net-(D7-Pad1)"))
    (pad 2 thru_hole circle (at 2.54 0) (size 2 2) (drill 1.00076) (layers *.Cu *.Mask)
      (net 1 VCC))
    (model LEDs.3dshapes/LED-3MM.wrl
      (at (xyz 0.05 0 0))
      (scale (xyz 1 1 1))
      (rotate (xyz 0 0 90))
    )
  )

  (module LEDs:LED-3MM (layer F.Cu) (tedit 559B82F6) (tstamp 584ED025)
    (at 141.055001 11.8675)
    (descr "LED 3mm round vertical")
    (tags "LED  3mm round vertical")
    (path /57EA2963)
    (fp_text reference D8 (at 1.91 3.06) (layer F.SilkS)
      (effects (font (size 1 1) (thickness 0.15)))
    )
    (fp_text value LED (at 1.3 -2.9) (layer F.Fab)
      (effects (font (size 1 1) (thickness 0.15)))
    )
    (fp_text user K (at -1.69 1.74) (layer F.SilkS)
      (effects (font (size 1 1) (thickness 0.15)))
    )
    (fp_arc (start 1.301 0.034) (end 2.335 1.094) (angle 87.5) (layer F.SilkS) (width 0.15))
    (fp_arc (start 1.311 0.034) (end 3.051 0.994) (angle 110) (layer F.SilkS) (width 0.15))
    (fp_arc (start 1.301 0.034) (end 0.25 -1.1) (angle 85.7) (layer F.SilkS) (width 0.15))
    (fp_arc (start 1.301 0.034) (end -0.199 -1.286) (angle 108.5) (layer F.SilkS) (width 0.15))
    (fp_line (start -0.199 -1.28) (end -0.199 -1.1) (layer F.SilkS) (width 0.15))
    (fp_line (start -0.199 1.314) (end -0.199 1.114) (layer F.SilkS) (width 0.15))
    (fp_line (start -1.2 -2.2) (end -1.2 2.3) (layer F.CrtYd) (width 0.05))
    (fp_line (start 3.8 -2.2) (end -1.2 -2.2) (layer F.CrtYd) (width 0.05))
    (fp_line (start 3.8 2.3) (end 3.8 -2.2) (layer F.CrtYd) (width 0.05))
    (fp_line (start -1.2 2.3) (end 3.8 2.3) (layer F.CrtYd) (width 0.05))
    (pad 2 thru_hole circle (at 2.54 0) (size 2 2) (drill 1.00076) (layers *.Cu *.Mask)
      (net 1 VCC))
    (pad 1 thru_hole rect (at 0 0 90) (size 2 2) (drill 1.00076) (layers *.Cu *.Mask)
      (net 8 "Net-(D8-Pad1)"))
    (model LEDs.3dshapes/LED-3MM.wrl
      (at (xyz 0.05 0 0))
      (scale (xyz 1 1 1))
      (rotate (xyz 0 0 90))
    )
  )

  (module LEDs:LED-3MM (layer F.Cu) (tedit 559B82F6) (tstamp 584ED036)
    (at 96.775001 54.6175)
    (descr "LED 3mm round vertical")
    (tags "LED  3mm round vertical")
    (path /57F3437D)
    (fp_text reference D9 (at 1.91 3.06) (layer F.SilkS)
      (effects (font (size 1 1) (thickness 0.15)))
    )
    (fp_text value LED (at 1.3 -2.9) (layer F.Fab)
      (effects (font (size 1 1) (thickness 0.15)))
    )
    (fp_text user K (at -1.69 1.74) (layer F.SilkS)
      (effects (font (size 1 1) (thickness 0.15)))
    )
    (fp_arc (start 1.301 0.034) (end 2.335 1.094) (angle 87.5) (layer F.SilkS) (width 0.15))
    (fp_arc (start 1.311 0.034) (end 3.051 0.994) (angle 110) (layer F.SilkS) (width 0.15))
    (fp_arc (start 1.301 0.034) (end 0.25 -1.1) (angle 85.7) (layer F.SilkS) (width 0.15))
    (fp_arc (start 1.301 0.034) (end -0.199 -1.286) (angle 108.5) (layer F.SilkS) (width 0.15))
    (fp_line (start -0.199 -1.28) (end -0.199 -1.1) (layer F.SilkS) (width 0.15))
    (fp_line (start -0.199 1.314) (end -0.199 1.114) (layer F.SilkS) (width 0.15))
    (fp_line (start -1.2 -2.2) (end -1.2 2.3) (layer F.CrtYd) (width 0.05))
    (fp_line (start 3.8 -2.2) (end -1.2 -2.2) (layer F.CrtYd) (width 0.05))
    (fp_line (start 3.8 2.3) (end 3.8 -2.2) (layer F.CrtYd) (width 0.05))
    (fp_line (start -1.2 2.3) (end 3.8 2.3) (layer F.CrtYd) (width 0.05))
    (pad 2 thru_hole circle (at 2.54 0) (size 2 2) (drill 1.00076) (layers *.Cu *.Mask)
      (net 1 VCC))
    (pad 1 thru_hole rect (at 0 0 90) (size 2 2) (drill 1.00076) (layers *.Cu *.Mask)
      (net 9 "Net-(D9-Pad1)"))
    (model LEDs.3dshapes/LED-3MM.wrl
      (at (xyz 0.05 0 0))
      (scale (xyz 1 1 1))
      (rotate (xyz 0 0 90))
    )
  )

  (module LEDs:LED-3MM (layer F.Cu) (tedit 559B82F6) (tstamp 584ED047)
    (at 100.33 77.47)
    (descr "LED 3mm round vertical")
    (tags "LED  3mm round vertical")
    (path /57EA29EE)
    (fp_text reference D10 (at 1.91 3.06) (layer F.SilkS)
      (effects (font (size 1 1) (thickness 0.15)))
    )
    (fp_text value LED (at 1.3 -2.9) (layer F.Fab)
      (effects (font (size 1 1) (thickness 0.15)))
    )
    (fp_line (start -1.2 2.3) (end 3.8 2.3) (layer F.CrtYd) (width 0.05))
    (fp_line (start 3.8 2.3) (end 3.8 -2.2) (layer F.CrtYd) (width 0.05))
    (fp_line (start 3.8 -2.2) (end -1.2 -2.2) (layer F.CrtYd) (width 0.05))
    (fp_line (start -1.2 -2.2) (end -1.2 2.3) (layer F.CrtYd) (width 0.05))
    (fp_line (start -0.199 1.314) (end -0.199 1.114) (layer F.SilkS) (width 0.15))
    (fp_line (start -0.199 -1.28) (end -0.199 -1.1) (layer F.SilkS) (width 0.15))
    (fp_arc (start 1.301 0.034) (end -0.199 -1.286) (angle 108.5) (layer F.SilkS) (width 0.15))
    (fp_arc (start 1.301 0.034) (end 0.25 -1.1) (angle 85.7) (layer F.SilkS) (width 0.15))
    (fp_arc (start 1.311 0.034) (end 3.051 0.994) (angle 110) (layer F.SilkS) (width 0.15))
    (fp_arc (start 1.301 0.034) (end 2.335 1.094) (angle 87.5) (layer F.SilkS) (width 0.15))
    (fp_text user K (at -1.69 1.74) (layer F.SilkS)
      (effects (font (size 1 1) (thickness 0.15)))
    )
    (pad 1 thru_hole rect (at 0 0 90) (size 2 2) (drill 1.00076) (layers *.Cu *.Mask)
      (net 10 "Net-(D10-Pad1)"))
    (pad 2 thru_hole circle (at 2.54 0) (size 2 2) (drill 1.00076) (layers *.Cu *.Mask)
      (net 1 VCC))
    (model LEDs.3dshapes/LED-3MM.wrl
      (at (xyz 0.05 0 0))
      (scale (xyz 1 1 1))
      (rotate (xyz 0 0 90))
    )
  )

  (module LEDs:LED-3MM (layer F.Cu) (tedit 559B82F6) (tstamp 584ED058)
    (at 134.62 31.75)
    (descr "LED 3mm round vertical")
    (tags "LED  3mm round vertical")
    (path /57F3449B)
    (fp_text reference D11 (at 1.91 3.06) (layer F.SilkS)
      (effects (font (size 1 1) (thickness 0.15)))
    )
    (fp_text value LED (at 1.3 -2.9) (layer F.Fab)
      (effects (font (size 1 1) (thickness 0.15)))
    )
    (fp_line (start -1.2 2.3) (end 3.8 2.3) (layer F.CrtYd) (width 0.05))
    (fp_line (start 3.8 2.3) (end 3.8 -2.2) (layer F.CrtYd) (width 0.05))
    (fp_line (start 3.8 -2.2) (end -1.2 -2.2) (layer F.CrtYd) (width 0.05))
    (fp_line (start -1.2 -2.2) (end -1.2 2.3) (layer F.CrtYd) (width 0.05))
    (fp_line (start -0.199 1.314) (end -0.199 1.114) (layer F.SilkS) (width 0.15))
    (fp_line (start -0.199 -1.28) (end -0.199 -1.1) (layer F.SilkS) (width 0.15))
    (fp_arc (start 1.301 0.034) (end -0.199 -1.286) (angle 108.5) (layer F.SilkS) (width 0.15))
    (fp_arc (start 1.301 0.034) (end 0.25 -1.1) (angle 85.7) (layer F.SilkS) (width 0.15))
    (fp_arc (start 1.311 0.034) (end 3.051 0.994) (angle 110) (layer F.SilkS) (width 0.15))
    (fp_arc (start 1.301 0.034) (end 2.335 1.094) (angle 87.5) (layer F.SilkS) (width 0.15))
    (fp_text user K (at -1.69 1.74) (layer F.SilkS)
      (effects (font (size 1 1) (thickness 0.15)))
    )
    (pad 1 thru_hole rect (at 0 0 90) (size 2 2) (drill 1.00076) (layers *.Cu *.Mask)
      (net 11 "Net-(D11-Pad1)"))
    (pad 2 thru_hole circle (at 2.54 0) (size 2 2) (drill 1.00076) (layers *.Cu *.Mask)
      (net 1 VCC))
    (model LEDs.3dshapes/LED-3MM.wrl
      (at (xyz 0.05 0 0))
      (scale (xyz 1 1 1))
      (rotate (xyz 0 0 90))
    )
  )

  (module LEDs:LED-3MM (layer F.Cu) (tedit 559B82F6) (tstamp 584ED069)
    (at 117.525001 27.8875)
    (descr "LED 3mm round vertical")
    (tags "LED  3mm round vertical")
    (path /57F3479F)
    (fp_text reference D12 (at 1.91 3.06) (layer F.SilkS)
      (effects (font (size 1 1) (thickness 0.15)))
    )
    (fp_text value LED (at 1.3 -2.9) (layer F.Fab)
      (effects (font (size 1 1) (thickness 0.15)))
    )
    (fp_text user K (at -1.69 1.74) (layer F.SilkS)
      (effects (font (size 1 1) (thickness 0.15)))
    )
    (fp_arc (start 1.301 0.034) (end 2.335 1.094) (angle 87.5) (layer F.SilkS) (width 0.15))
    (fp_arc (start 1.311 0.034) (end 3.051 0.994) (angle 110) (layer F.SilkS) (width 0.15))
    (fp_arc (start 1.301 0.034) (end 0.25 -1.1) (angle 85.7) (layer F.SilkS) (width 0.15))
    (fp_arc (start 1.301 0.034) (end -0.199 -1.286) (angle 108.5) (layer F.SilkS) (width 0.15))
    (fp_line (start -0.199 -1.28) (end -0.199 -1.1) (layer F.SilkS) (width 0.15))
    (fp_line (start -0.199 1.314) (end -0.199 1.114) (layer F.SilkS) (width 0.15))
    (fp_line (start -1.2 -2.2) (end -1.2 2.3) (layer F.CrtYd) (width 0.05))
    (fp_line (start 3.8 -2.2) (end -1.2 -2.2) (layer F.CrtYd) (width 0.05))
    (fp_line (start 3.8 2.3) (end 3.8 -2.2) (layer F.CrtYd) (width 0.05))
    (fp_line (start -1.2 2.3) (end 3.8 2.3) (layer F.CrtYd) (width 0.05))
    (pad 2 thru_hole circle (at 2.54 0) (size 2 2) (drill 1.00076) (layers *.Cu *.Mask)
      (net 1 VCC))
    (pad 1 thru_hole rect (at 0 0 90) (size 2 2) (drill 1.00076) (layers *.Cu *.Mask)
      (net 12 "Net-(D12-Pad1)"))
    (model LEDs.3dshapes/LED-3MM.wrl
      (at (xyz 0.05 0 0))
      (scale (xyz 1 1 1))
      (rotate (xyz 0 0 90))
    )
  )

  (module LEDs:LED-3MM (layer F.Cu) (tedit 559B82F6) (tstamp 584ED07A)
    (at 115.325001 35.8975)
    (descr "LED 3mm round vertical")
    (tags "LED  3mm round vertical")
    (path /57FCE20E)
    (fp_text reference D13 (at 1.91 3.06) (layer F.SilkS)
      (effects (font (size 1 1) (thickness 0.15)))
    )
    (fp_text value LED (at 1.3 -2.9) (layer F.Fab)
      (effects (font (size 1 1) (thickness 0.15)))
    )
    (fp_line (start -1.2 2.3) (end 3.8 2.3) (layer F.CrtYd) (width 0.05))
    (fp_line (start 3.8 2.3) (end 3.8 -2.2) (layer F.CrtYd) (width 0.05))
    (fp_line (start 3.8 -2.2) (end -1.2 -2.2) (layer F.CrtYd) (width 0.05))
    (fp_line (start -1.2 -2.2) (end -1.2 2.3) (layer F.CrtYd) (width 0.05))
    (fp_line (start -0.199 1.314) (end -0.199 1.114) (layer F.SilkS) (width 0.15))
    (fp_line (start -0.199 -1.28) (end -0.199 -1.1) (layer F.SilkS) (width 0.15))
    (fp_arc (start 1.301 0.034) (end -0.199 -1.286) (angle 108.5) (layer F.SilkS) (width 0.15))
    (fp_arc (start 1.301 0.034) (end 0.25 -1.1) (angle 85.7) (layer F.SilkS) (width 0.15))
    (fp_arc (start 1.311 0.034) (end 3.051 0.994) (angle 110) (layer F.SilkS) (width 0.15))
    (fp_arc (start 1.301 0.034) (end 2.335 1.094) (angle 87.5) (layer F.SilkS) (width 0.15))
    (fp_text user K (at -1.69 1.74) (layer F.SilkS)
      (effects (font (size 1 1) (thickness 0.15)))
    )
    (pad 1 thru_hole rect (at 0 0 90) (size 2 2) (drill 1.00076) (layers *.Cu *.Mask)
      (net 13 "Net-(D13-Pad1)"))
    (pad 2 thru_hole circle (at 2.54 0) (size 2 2) (drill 1.00076) (layers *.Cu *.Mask)
      (net 14 "Net-(D13-Pad2)"))
    (model LEDs.3dshapes/LED-3MM.wrl
      (at (xyz 0.05 0 0))
      (scale (xyz 1 1 1))
      (rotate (xyz 0 0 90))
    )
  )

  (module LEDs:LED-3MM (layer F.Cu) (tedit 559B82F6) (tstamp 584ED08B)
    (at 70.105001 73.3375)
    (descr "LED 3mm round vertical")
    (tags "LED  3mm round vertical")
    (path /57F347B7)
    (fp_text reference D14 (at 1.91 3.06) (layer F.SilkS)
      (effects (font (size 1 1) (thickness 0.15)))
    )
    (fp_text value LED (at 1.3 -2.9) (layer F.Fab)
      (effects (font (size 1 1) (thickness 0.15)))
    )
    (fp_text user K (at -1.69 1.74) (layer F.SilkS)
      (effects (font (size 1 1) (thickness 0.15)))
    )
    (fp_arc (start 1.301 0.034) (end 2.335 1.094) (angle 87.5) (layer F.SilkS) (width 0.15))
    (fp_arc (start 1.311 0.034) (end 3.051 0.994) (angle 110) (layer F.SilkS) (width 0.15))
    (fp_arc (start 1.301 0.034) (end 0.25 -1.1) (angle 85.7) (layer F.SilkS) (width 0.15))
    (fp_arc (start 1.301 0.034) (end -0.199 -1.286) (angle 108.5) (layer F.SilkS) (width 0.15))
    (fp_line (start -0.199 -1.28) (end -0.199 -1.1) (layer F.SilkS) (width 0.15))
    (fp_line (start -0.199 1.314) (end -0.199 1.114) (layer F.SilkS) (width 0.15))
    (fp_line (start -1.2 -2.2) (end -1.2 2.3) (layer F.CrtYd) (width 0.05))
    (fp_line (start 3.8 -2.2) (end -1.2 -2.2) (layer F.CrtYd) (width 0.05))
    (fp_line (start 3.8 2.3) (end 3.8 -2.2) (layer F.CrtYd) (width 0.05))
    (fp_line (start -1.2 2.3) (end 3.8 2.3) (layer F.CrtYd) (width 0.05))
    (pad 2 thru_hole circle (at 2.54 0) (size 2 2) (drill 1.00076) (layers *.Cu *.Mask)
      (net 1 VCC))
    (pad 1 thru_hole rect (at 0 0 90) (size 2 2) (drill 1.00076) (layers *.Cu *.Mask)
      (net 15 "Net-(D14-Pad1)"))
    (model LEDs.3dshapes/LED-3MM.wrl
      (at (xyz 0.05 0 0))
      (scale (xyz 1 1 1))
      (rotate (xyz 0 0 90))
    )
  )

  (module LEDs:LED-3MM (layer F.Cu) (tedit 559B82F6) (tstamp 584ED09C)
    (at 75.555001 73.3375)
    (descr "LED 3mm round vertical")
    (tags "LED  3mm round vertical")
    (path /57F347CF)
    (fp_text reference D15 (at 1.91 3.06) (layer F.SilkS)
      (effects (font (size 1 1) (thickness 0.15)))
    )
    (fp_text value LED (at 1.3 -2.9) (layer F.Fab)
      (effects (font (size 1 1) (thickness 0.15)))
    )
    (fp_line (start -1.2 2.3) (end 3.8 2.3) (layer F.CrtYd) (width 0.05))
    (fp_line (start 3.8 2.3) (end 3.8 -2.2) (layer F.CrtYd) (width 0.05))
    (fp_line (start 3.8 -2.2) (end -1.2 -2.2) (layer F.CrtYd) (width 0.05))
    (fp_line (start -1.2 -2.2) (end -1.2 2.3) (layer F.CrtYd) (width 0.05))
    (fp_line (start -0.199 1.314) (end -0.199 1.114) (layer F.SilkS) (width 0.15))
    (fp_line (start -0.199 -1.28) (end -0.199 -1.1) (layer F.SilkS) (width 0.15))
    (fp_arc (start 1.301 0.034) (end -0.199 -1.286) (angle 108.5) (layer F.SilkS) (width 0.15))
    (fp_arc (start 1.301 0.034) (end 0.25 -1.1) (angle 85.7) (layer F.SilkS) (width 0.15))
    (fp_arc (start 1.311 0.034) (end 3.051 0.994) (angle 110) (layer F.SilkS) (width 0.15))
    (fp_arc (start 1.301 0.034) (end 2.335 1.094) (angle 87.5) (layer F.SilkS) (width 0.15))
    (fp_text user K (at -1.69 1.74) (layer F.SilkS)
      (effects (font (size 1 1) (thickness 0.15)))
    )
    (pad 1 thru_hole rect (at 0 0 90) (size 2 2) (drill 1.00076) (layers *.Cu *.Mask)
      (net 16 "Net-(D15-Pad1)"))
    (pad 2 thru_hole circle (at 2.54 0) (size 2 2) (drill 1.00076) (layers *.Cu *.Mask)
      (net 1 VCC))
    (model LEDs.3dshapes/LED-3MM.wrl
      (at (xyz 0.05 0 0))
      (scale (xyz 1 1 1))
      (rotate (xyz 0 0 90))
    )
  )

  (module LEDs:LED-3MM (layer F.Cu) (tedit 559B82F6) (tstamp 584ED0AD)
    (at 109.875001 35.8975)
    (descr "LED 3mm round vertical")
    (tags "LED  3mm round vertical")
    (path /57F347E7)
    (fp_text reference D16 (at 1.91 3.06) (layer F.SilkS)
      (effects (font (size 1 1) (thickness 0.15)))
    )
    (fp_text value LED (at 1.3 -2.9) (layer F.Fab)
      (effects (font (size 1 1) (thickness 0.15)))
    )
    (fp_text user K (at -1.69 1.74) (layer F.SilkS)
      (effects (font (size 1 1) (thickness 0.15)))
    )
    (fp_arc (start 1.301 0.034) (end 2.335 1.094) (angle 87.5) (layer F.SilkS) (width 0.15))
    (fp_arc (start 1.311 0.034) (end 3.051 0.994) (angle 110) (layer F.SilkS) (width 0.15))
    (fp_arc (start 1.301 0.034) (end 0.25 -1.1) (angle 85.7) (layer F.SilkS) (width 0.15))
    (fp_arc (start 1.301 0.034) (end -0.199 -1.286) (angle 108.5) (layer F.SilkS) (width 0.15))
    (fp_line (start -0.199 -1.28) (end -0.199 -1.1) (layer F.SilkS) (width 0.15))
    (fp_line (start -0.199 1.314) (end -0.199 1.114) (layer F.SilkS) (width 0.15))
    (fp_line (start -1.2 -2.2) (end -1.2 2.3) (layer F.CrtYd) (width 0.05))
    (fp_line (start 3.8 -2.2) (end -1.2 -2.2) (layer F.CrtYd) (width 0.05))
    (fp_line (start 3.8 2.3) (end 3.8 -2.2) (layer F.CrtYd) (width 0.05))
    (fp_line (start -1.2 2.3) (end 3.8 2.3) (layer F.CrtYd) (width 0.05))
    (pad 2 thru_hole circle (at 2.54 0) (size 2 2) (drill 1.00076) (layers *.Cu *.Mask)
      (net 1 VCC))
    (pad 1 thru_hole rect (at 0 0 90) (size 2 2) (drill 1.00076) (layers *.Cu *.Mask)
      (net 17 "Net-(D16-Pad1)"))
    (model LEDs.3dshapes/LED-3MM.wrl
      (at (xyz 0.05 0 0))
      (scale (xyz 1 1 1))
      (rotate (xyz 0 0 90))
    )
  )

  (module LEDs:LED-3MM (layer F.Cu) (tedit 559B82F6) (tstamp 584ED0BE)
    (at 101.755001 46.6075)
    (descr "LED 3mm round vertical")
    (tags "LED  3mm round vertical")
    (path /57F347FF)
    (fp_text reference D17 (at 1.91 3.06) (layer F.SilkS)
      (effects (font (size 1 1) (thickness 0.15)))
    )
    (fp_text value LED (at 1.3 -2.9) (layer F.Fab)
      (effects (font (size 1 1) (thickness 0.15)))
    )
    (fp_text user K (at -1.69 1.74) (layer F.SilkS)
      (effects (font (size 1 1) (thickness 0.15)))
    )
    (fp_arc (start 1.301 0.034) (end 2.335 1.094) (angle 87.5) (layer F.SilkS) (width 0.15))
    (fp_arc (start 1.311 0.034) (end 3.051 0.994) (angle 110) (layer F.SilkS) (width 0.15))
    (fp_arc (start 1.301 0.034) (end 0.25 -1.1) (angle 85.7) (layer F.SilkS) (width 0.15))
    (fp_arc (start 1.301 0.034) (end -0.199 -1.286) (angle 108.5) (layer F.SilkS) (width 0.15))
    (fp_line (start -0.199 -1.28) (end -0.199 -1.1) (layer F.SilkS) (width 0.15))
    (fp_line (start -0.199 1.314) (end -0.199 1.114) (layer F.SilkS) (width 0.15))
    (fp_line (start -1.2 -2.2) (end -1.2 2.3) (layer F.CrtYd) (width 0.05))
    (fp_line (start 3.8 -2.2) (end -1.2 -2.2) (layer F.CrtYd) (width 0.05))
    (fp_line (start 3.8 2.3) (end 3.8 -2.2) (layer F.CrtYd) (width 0.05))
    (fp_line (start -1.2 2.3) (end 3.8 2.3) (layer F.CrtYd) (width 0.05))
    (pad 2 thru_hole circle (at 2.54 0) (size 2 2) (drill 1.00076) (layers *.Cu *.Mask)
      (net 1 VCC))
    (pad 1 thru_hole rect (at 0 0 90) (size 2 2) (drill 1.00076) (layers *.Cu *.Mask)
      (net 18 "Net-(D17-Pad1)"))
    (model LEDs.3dshapes/LED-3MM.wrl
      (at (xyz 0.05 0 0))
      (scale (xyz 1 1 1))
      (rotate (xyz 0 0 90))
    )
  )

  (module LEDs:LED-3MM (layer F.Cu) (tedit 559B82F6) (tstamp 584ED0CF)
    (at 127.955001 19.8775)
    (descr "LED 3mm round vertical")
    (tags "LED  3mm round vertical")
    (path /57F34817)
    (fp_text reference D18 (at 1.91 3.06) (layer F.SilkS)
      (effects (font (size 1 1) (thickness 0.15)))
    )
    (fp_text value LED (at 1.3 -2.9) (layer F.Fab)
      (effects (font (size 1 1) (thickness 0.15)))
    )
    (fp_line (start -1.2 2.3) (end 3.8 2.3) (layer F.CrtYd) (width 0.05))
    (fp_line (start 3.8 2.3) (end 3.8 -2.2) (layer F.CrtYd) (width 0.05))
    (fp_line (start 3.8 -2.2) (end -1.2 -2.2) (layer F.CrtYd) (width 0.05))
    (fp_line (start -1.2 -2.2) (end -1.2 2.3) (layer F.CrtYd) (width 0.05))
    (fp_line (start -0.199 1.314) (end -0.199 1.114) (layer F.SilkS) (width 0.15))
    (fp_line (start -0.199 -1.28) (end -0.199 -1.1) (layer F.SilkS) (width 0.15))
    (fp_arc (start 1.301 0.034) (end -0.199 -1.286) (angle 108.5) (layer F.SilkS) (width 0.15))
    (fp_arc (start 1.301 0.034) (end 0.25 -1.1) (angle 85.7) (layer F.SilkS) (width 0.15))
    (fp_arc (start 1.311 0.034) (end 3.051 0.994) (angle 110) (layer F.SilkS) (width 0.15))
    (fp_arc (start 1.301 0.034) (end 2.335 1.094) (angle 87.5) (layer F.SilkS) (width 0.15))
    (fp_text user K (at -1.69 1.74) (layer F.SilkS)
      (effects (font (size 1 1) (thickness 0.15)))
    )
    (pad 1 thru_hole rect (at 0 0 90) (size 2 2) (drill 1.00076) (layers *.Cu *.Mask)
      (net 19 "Net-(D18-Pad1)"))
    (pad 2 thru_hole circle (at 2.54 0) (size 2 2) (drill 1.00076) (layers *.Cu *.Mask)
      (net 1 VCC))
    (model LEDs.3dshapes/LED-3MM.wrl
      (at (xyz 0.05 0 0))
      (scale (xyz 1 1 1))
      (rotate (xyz 0 0 90))
    )
  )

  (module LEDs:LED-3MM (layer F.Cu) (tedit 559B82F6) (tstamp 584ED0E0)
    (at 135.605001 11.8675)
    (descr "LED 3mm round vertical")
    (tags "LED  3mm round vertical")
    (path /57F3629F)
    (fp_text reference D19 (at 1.91 3.06) (layer F.SilkS)
      (effects (font (size 1 1) (thickness 0.15)))
    )
    (fp_text value LED (at 1.3 -2.9) (layer F.Fab)
      (effects (font (size 1 1) (thickness 0.15)))
    )
    (fp_text user K (at -1.69 1.74) (layer F.SilkS)
      (effects (font (size 1 1) (thickness 0.15)))
    )
    (fp_arc (start 1.301 0.034) (end 2.335 1.094) (angle 87.5) (layer F.SilkS) (width 0.15))
    (fp_arc (start 1.311 0.034) (end 3.051 0.994) (angle 110) (layer F.SilkS) (width 0.15))
    (fp_arc (start 1.301 0.034) (end 0.25 -1.1) (angle 85.7) (layer F.SilkS) (width 0.15))
    (fp_arc (start 1.301 0.034) (end -0.199 -1.286) (angle 108.5) (layer F.SilkS) (width 0.15))
    (fp_line (start -0.199 -1.28) (end -0.199 -1.1) (layer F.SilkS) (width 0.15))
    (fp_line (start -0.199 1.314) (end -0.199 1.114) (layer F.SilkS) (width 0.15))
    (fp_line (start -1.2 -2.2) (end -1.2 2.3) (layer F.CrtYd) (width 0.05))
    (fp_line (start 3.8 -2.2) (end -1.2 -2.2) (layer F.CrtYd) (width 0.05))
    (fp_line (start 3.8 2.3) (end 3.8 -2.2) (layer F.CrtYd) (width 0.05))
    (fp_line (start -1.2 2.3) (end 3.8 2.3) (layer F.CrtYd) (width 0.05))
    (pad 2 thru_hole circle (at 2.54 0) (size 2 2) (drill 1.00076) (layers *.Cu *.Mask)
      (net 1 VCC))
    (pad 1 thru_hole rect (at 0 0 90) (size 2 2) (drill 1.00076) (layers *.Cu *.Mask)
      (net 20 "Net-(D19-Pad1)"))
    (model LEDs.3dshapes/LED-3MM.wrl
      (at (xyz 0.05 0 0))
      (scale (xyz 1 1 1))
      (rotate (xyz 0 0 90))
    )
  )

  (module LEDs:LED-3MM (layer F.Cu) (tedit 559B82F6) (tstamp 584ED0F1)
    (at 96.305001 46.6075)
    (descr "LED 3mm round vertical")
    (tags "LED  3mm round vertical")
    (path /57F362B7)
    (fp_text reference D20 (at 1.91 3.06) (layer F.SilkS)
      (effects (font (size 1 1) (thickness 0.15)))
    )
    (fp_text value LED (at 1.3 -2.9) (layer F.Fab)
      (effects (font (size 1 1) (thickness 0.15)))
    )
    (fp_text user K (at -1.69 1.74) (layer F.SilkS)
      (effects (font (size 1 1) (thickness 0.15)))
    )
    (fp_arc (start 1.301 0.034) (end 2.335 1.094) (angle 87.5) (layer F.SilkS) (width 0.15))
    (fp_arc (start 1.311 0.034) (end 3.051 0.994) (angle 110) (layer F.SilkS) (width 0.15))
    (fp_arc (start 1.301 0.034) (end 0.25 -1.1) (angle 85.7) (layer F.SilkS) (width 0.15))
    (fp_arc (start 1.301 0.034) (end -0.199 -1.286) (angle 108.5) (layer F.SilkS) (width 0.15))
    (fp_line (start -0.199 -1.28) (end -0.199 -1.1) (layer F.SilkS) (width 0.15))
    (fp_line (start -0.199 1.314) (end -0.199 1.114) (layer F.SilkS) (width 0.15))
    (fp_line (start -1.2 -2.2) (end -1.2 2.3) (layer F.CrtYd) (width 0.05))
    (fp_line (start 3.8 -2.2) (end -1.2 -2.2) (layer F.CrtYd) (width 0.05))
    (fp_line (start 3.8 2.3) (end 3.8 -2.2) (layer F.CrtYd) (width 0.05))
    (fp_line (start -1.2 2.3) (end 3.8 2.3) (layer F.CrtYd) (width 0.05))
    (pad 2 thru_hole circle (at 2.54 0) (size 2 2) (drill 1.00076) (layers *.Cu *.Mask)
      (net 1 VCC))
    (pad 1 thru_hole rect (at 0 0 90) (size 2 2) (drill 1.00076) (layers *.Cu *.Mask)
      (net 21 "Net-(D20-Pad1)"))
    (model LEDs.3dshapes/LED-3MM.wrl
      (at (xyz 0.05 0 0))
      (scale (xyz 1 1 1))
      (rotate (xyz 0 0 90))
    )
  )

  (module LEDs:LED-3MM (layer F.Cu) (tedit 559B82F6) (tstamp 584ED102)
    (at 91.325001 55.9675)
    (descr "LED 3mm round vertical")
    (tags "LED  3mm round vertical")
    (path /57F362CF)
    (fp_text reference D21 (at 1.91 3.06) (layer F.SilkS)
      (effects (font (size 1 1) (thickness 0.15)))
    )
    (fp_text value LED (at 1.3 -2.9) (layer F.Fab)
      (effects (font (size 1 1) (thickness 0.15)))
    )
    (fp_line (start -1.2 2.3) (end 3.8 2.3) (layer F.CrtYd) (width 0.05))
    (fp_line (start 3.8 2.3) (end 3.8 -2.2) (layer F.CrtYd) (width 0.05))
    (fp_line (start 3.8 -2.2) (end -1.2 -2.2) (layer F.CrtYd) (width 0.05))
